Rank, Country, Population_2014, 1_Year_Change, Population_Change, Migrants_net, Median_Age, Aged_60+, Fertility_Rate, Area_km2, Density_P/km2, Urban_Pop_%, Urban_Population, Share_of_World_Pop
1 China 1393783836 0.59 8217299 -313996 35.7 14 1.66 9596947 145 54 756300115 19.24
2 India 1267401849 1.22 15262253 -483402 26.6 9 2.53 3287265 386 32 410404773 17.50
3 U.S.A. 322583006 0.79 2532290 1008835 37.5 20 1.99 9629056 34 83 268084524 4.45
4 Indonesia 252812245 1.18 2946614 -141488 28.1 8 2.38 1904567 133 53 133860626 3.49
5 Brazil 202033670 0.83 1671745 -46113 30.7 12 1.83 8514209 24 85 172549088 2.79
6 Pakistan 185132926 1.64 2990332 -334980 22.8 7 3.30 796096 233 37 68888535 2.56
7 Nigeria 178516904 2.82 4901559 -60000 17.8 4 6.01 923766 193 51 91834051 2.46
8 Bangladesh 158512570 1.22 1917608 -456443 25.4 7 2.24 143998 1101 30 47334620 2.19
9 Russia 142467651 -0.26 -366038 254018 38.4 19 1.51 17076310 8 74 105911587 1.97
10 Japan 126999808 -0.11 -143769 73466 46.2 33 1.40 377873 336 93 117995650 1.75
11 Mexico 123799215 1.20 1466816 -267202 27.3 10 2.23 1958198 63 79 97734761 1.71
12 Philippines 100096496 1.73 1702922 -156793 23.2 7 3.11 300000 334 50 49643960 1.38
13 Ethiopia 96506031 2.56 2405275 -11577 18.4 5 4.72 1104302 87 18 17172948 1.33
14 Vietnam 92547959 0.95 868226 -53768 30.3 10 1.78 331689 279 33 30482811 1.28
15 Egypt 83386739 1.62 1330361 -47438 25.5 9 2.82 1001450 83 44 36713659 1.15
16 Germany 82652256 -0.09 -74370 42856 45.9 28 1.40 357021 232 74 61437197 1.14
17 Iran 78470222 1.32 1023054 -67715 29.0 8 1.92 1648188 48 70 54547946 1.08
18 Turkey 75837020 1.21 904379 -47433 29.8 11 2.07 783562 97 74 56235478 1.05
19 Congo 69360118 2.73 1846441 -11941 17.4 5 6.08 2344832 30 36 24912419 0.96
20 Thailand 67222972 0.32 212470 -29600 37.4 15 1.42 513113 131 35 23691532 0.93
21 France 64641279 0.54 349999 124252 40.8 24 1.98 551500 117 87 56419209 0.89
22 U._K. 63489234 0.56 352969 177549 40.4 23 1.88 242900 261 80 50802810 0.88
23 Italy 61070224 0.13 79947 209262 44.7 27 1.46 301318 203 69 42101235 0.84
24 Burma 53718958 0.86 459940 -30314 29.4 9 1.97 676578 79 34 18447667 0.74
25 South_Africa 53139528 0.69 363398 33917 26.2 9 2.43 1221037 44 63 33638902 0.73
26 Tanzania 50757459 3.05 1504333 -34461 17.5 5 5.31 945081 54 28 14271377 0.70
27 South_Korea 49512026 0.51 249328 61441 39.9 18 1.30 99538 497 84 41591331 0.68
28 Colombia 48929706 1.26 608301 -24000 28.0 10 2.33 1138907 43 76 37240023 0.68
29 Spain 47066402 0.30 139439 156310 41.8 23 1.48 505992 93 78 36646776 0.65
30 Kenya 45545980 2.69 1192289 -13051 18.9 4 4.49 580366 78 25 11482050 0.63
31 Ukraine 44941303 -0.66 -297502 11403 39.8 22 1.44 603701 74 69 31225151 0.62
32 Argentina 41803125 0.86 356879 -22974 31.3 15 2.20 2780387 15 93 38848372 0.58
33 Algeria 39928947 1.84 720753 -9960 27.2 8 2.80 2381685 17 75 30093970 0.55
34 Uganda 38844624 3.37 1265748 -29374 15.8 4 6.00 241037 161 17 6533597 0.54
35 Sudan 38764090 2.11 799784 -145645 19.3 5 4.53 1861510 21 34 13058626 0.54
36 Poland 38220543 0.01 3908 -8613 39.1 22 1.39 323251 118 61 23216731 0.53
37 Canada 35524732 0.98 343028 225751 40.3 22 1.66 9970455 4 81 28769673 0.49
38 Iraq 34768761 2.97 1003529 -90291 19.9 5 4.12 438319 79 66 23088950 0.48
39 Morocco 33492909 1.47 484759 -96109 27.2 8 2.69 446548 75 58 19469883 0.46
40 Afghanistan 31280518 2.39 728844 -90458 16.8 4 5.24 652085 48 24 7652414 0.43
41 Venezuela 30851343 1.47 446136 8000 27.4 10 2.43 912060 34 94 29023840 0.43
42 Peru 30769077 1.30 393474 -71581 26.8 10 2.47 1285204 24 78 24073769 0.42
43 Malaysia 30187896 1.58 470931 96816 27.8 9 2.00 329847 92 75 22552009 0.42
44 Saudi_Arabia 29369428 1.88 540558 52720 27.9 5 2.74 2149717 14 83 24349303 0.41
45 Uzbekistan 29324920 1.35 390818 -46905 25.6 7 2.35 447401 66 36 10668375 0.40
46 Nepal 28120740 1.16 323283 -92841 22.7 8 2.44 147181 191 18 5062259 0.39
47 Mozambique 26472977 2.47 639225 -4782 17.3 5 5.29 801580 33 32 8467165 0.37
48 Ghana 26442178 2.08 537580 22722 20.8 5 3.95 238534 111 54 14229154 0.37
49 North_Korea 25026588 0.53 131108 0 33.7 13 2.00 120538 208 61 15200505 0.35
50 Yemen 24968508 2.30 561127 -27000 19.4 5 4.29 527965 47 34 8502413 0.34
51 Australia 23630169 1.23 287616 163179 37.3 20 1.88 7739983 3 90 21179230 0.33
52 Madagascar 23571962 2.82 647111 -1000 18.6 5 4.57 587039 40 34 8122672 0.33
53 Cameroon 22818632 2.54 564673 -10696 18.4 5 4.89 475438 48 54 12274491 0.32
54 Angola 22137261 3.10 665643 13709 16.3 4 6.02 1246678 18 61 13595362 0.31
55 Syria 21986615 0.40 88554 284013 22.6 7 3.04 185180 119 57 12587305 0.30
56 Romania 21640168 -0.27 -58417 -9353 39.7 21 1.40 238391 91 53 11449200 0.30
57 Sri_Lanka 21445775 0.81 172547 -65828 31.7 13 2.34 65610 327 15 3298712 0.30
58 Côte_d'Ivoire 20804774 2.41 488688 -14213 19.1 5 4.91 322465 65 53 11115596 0.29
59 Niger 18534802 3.95 703532 -5699 15.0 4 7.58 1266990 15 19 3450914 0.26
60 Chile 17772871 0.87 153163 6000 33.4 15 1.84 756614 23 90 15952124 0.25
61 Burkina_Faso 17419615 2.86 484776 -25000 17.2 4 5.73 274001 64 29 5048742 0.24
62 Malawi 16829144 2.85 466577 0 17.3 5 5.50 118484 142 16 2717984 0.23
63 Netherlands 16802463 0.26 43234 10218 42.1 24 1.77 41528 405 84 14161696 0.23
64 Kazakhstan 16606878 1.01 166292 0 29.5 10 2.46 2725119 6 53 8859912 0.23
65 Ecuador 15982551 1.55 244673 -6549 26.4 10 2.61 283560 56 69 11043074 0.22
66 Guatemala 15859714 2.53 391511 -18251 19.5 7 3.88 108889 146 51 8110242 0.22
67 Mali 15768227 3.05 466577 -48558 16.2 4 6.85 1240225 13 37 5810359 0.22
68 Cambodia 15408270 1.80 273101 -40717 24.7 8 2.92 181035 85 21 3168936 0.21
69 Zambia 15021002 3.32 482362 -9302 16.6 4 5.74 752631 20 40 6080022 0.21
70 Zimbabwe 14599325 3.18 449677 -91896 19.8 6 3.59 390753 37 40 5851422 0.20
71 Senegal 14548171 2.94 414891 -22134 18.1 5 5.00 196722 74 43 6325367 0.20
72 Chad 13211146 3.01 385832 -20145 15.9 4 6.42 1284007 10 22 2919644 0.18
73 Rwanda 12100049 2.75 323527 -9643 18.3 4 4.66 26338 459 20 2424481 0.17
74 Guinea 12043898 2.54 298709 -2818 18.7 5 5.04 245859 49 37 4445011 0.17
75 South_Sudan 11738718 3.92 442545 169675 18.8 5 5.06 644312 18 19 2187930 0.16
76 Cuba 11258597 -0.06 -7032 -29767 40.7 19 1.46 110861 102 75 8458245 0.16
77 Belgium 11144420 0.36 39944 35305 41.7 24 1.84 30528 365 98 10874010 0.15
78 Greece 11128404 0.00 414 10163 43.2 26 1.51 131956 84 62 6921007 0.15
79 Tunisia 11116899 1.09 120384 -6588 30.7 11 2.02 163609 68 67 7444031 0.15
80 Bolivia 10847664 1.65 176464 -26433 22.6 7 3.30 1098609 10 68 7381135 0.15
81 Somalia 10805651 2.95 310068 -34461 16.4 4 6.71 637652 17 39 4231814 0.15
82 Czech_Republic 10740468 0.36 38271 43390 40.6 24 1.53 78866 136 73 7881096 0.15
83 Portugal 10610304 0.02 2148 19999 42.6 25 1.33 91982 115 63 6646197 0.15
84 Benin 10599510 2.67 276036 2759 18.5 5 4.97 112622 94 47 4965003 0.15
85 Dominican_Republic 10528954 1.20 125193 -28000 26.1 9 2.53 48511 217 71 7510330 0.15
86 Burundi 10482752 3.15 320220 6091 17.6 4 6.16 27834 377 12 1233966 0.14
87 Haiti 10461409 1.40 143948 -37282 22.5 7 3.25 27750 377 57 5985632 0.14
88 Hungary 9933173 -0.22 -21768 15752 40.8 24 1.39 93032 107 71 7036844 0.14
89 Sweden 9631261 0.63 60156 42234 41.1 26 1.91 449954 21 86 8249625 0.13
90 Azerbaijan 9514887 1.08 101467 0 30.1 9 1.94 86600 110 54 5173624 0.13
91 Serbia 9468378 -0.44 -42128 -23840 39.0 22 1.38 88361 107 57 5436059 0.13
92 United_Arab_Emirates 9445624 1.06 99495 153484 30.7 1 1.85 83600 113 85 8047522 0.13
93 Belarus 9307609 -0.52 -49069 2650 39.4 20 1.47 207602 45 76 7095843 0.13
94 Austria 8526429 0.37 31284 30371 43.0 24 1.45 83858 102 68 5824085 0.12
95 Tajikistan 8408947 2.45 201113 -18197 21.9 5 3.82 143099 59 27 2246516 0.12
96 Honduras 8260749 2.01 163061 -11487 22.2 7 3.08 112088 74 54 4449281 0.11
97 Switzerland 8157896 0.99 80063 64965 42.1 24 1.52 41284 198 74 6030730 0.11
98 Israel 7822107 1.15 88963 19636 30.1 15 2.91 22145 353 92 7201448 0.11
99 Jordan 7504812 3.18 231013 81911 23.7 5 3.34 89342 84 83 6261026 0.10
100 Papua_New_Guinea 7476108 2.12 154846 0 21.0 5 3.86 462831 16 13 950364 0.10
101 Hong_Kong 7259569 0.77 55733 23550 42.8 21 1.11 1099 6606 100 7259569 0.10
102 Bulgaria 7167998 -0.76 -54945 -11067 43.2 27 1.51 110912 65 75 5357789 0.10
103 Togo 6993244 2.59 176262 -1999 19.0 4 4.72 56785 123 39 2760141 0.10
104 Paraguay 6917579 1.69 115284 -8000 24.1 8 2.93 406749 17 63 4391845 0.10
105 Laos 6894098 1.84 124371 -15000 21.7 6 3.14 236797 29 37 2582379 0.10
106 Eritrea 6536176 3.21 203041 11000 18.5 4 4.83 117599 56 23 1485826 0.09
107 El_Salvador 6383752 0.68 43298 -47399 24.4 10 2.23 21041 303 66 4226455 0.09
108 Libya 6253452 0.84 51931 -39162 26.9 7 2.44 1759553 4 78 4893341 0.09
109 Sierra_Leone 6205382 1.86 113307 5181 19.2 4 4.83 71740 86 40 2506225 0.09
110 Nicaragua 6169269 1.46 88791 -26582 23.4 7 2.56 130000 47 58 3606949 0.09
111 Denmark 5640184 0.38 21088 15487 41.3 24 1.87 43094 131 87 4926011 0.08
112 Kyrgyzstan 5625015 1.40 77467 -32884 24.9 7 3.03 199901 28 36 2005092 0.08
113 Singapore 5517102 1.95 105365 81879 38.4 16 1.28 683 8078 100 5517102 0.08
114 Slovakia 5454154 0.07 3931 3450 38.6 20 1.37 49033 111 55 2979250 0.08
115 Finland 5443497 0.32 17174 10731 42.5 27 1.85 338147 16 84 4576718 0.08
116 Turkmenistan 5307171 1.28 67099 -5897 26.0 7 2.37 488105 11 50 2639358 0.07
117 Norway 5091924 0.98 49253 30903 39.1 22 1.93 385168 13 80 4083119 0.07
118 Lebanon 4965914 2.99 143943 81822 30.2 12 1.52 10400 477 88 4349292 0.07
119 Costa_Rica 4937755 1.35 65589 13277 30.1 11 1.83 51100 97 66 3259450 0.07
120 Central_African_Republic 4709203 2.01 92786 1741 19.8 6 4.49 622993 8 40 1876720 0.07
121 Ireland 4677340 1.08 50167 11670 35.6 17 2.00 70273 67 63 2952477 0.06
122 Congo 4558594 2.49 110962 9246 18.7 5 5.02 342006 13 65 2959573 0.06
123 New_Zealand 4551349 1.01 45588 14459 37.1 20 2.07 270527 17 86 3931362 0.06
124 State_of_Palestine 4436411 2.55 110116 -10108 19.4 5 4.12 6020 737 75 3327580 0.06
125 Liberia 4396873 2.39 102796 6177 18.6 5 4.91 111370 39 49 2168530 0.06
126 Georgia 4322842 -0.42 -18053 -25930 37.8 20 1.81 69700 62 53 2300472 0.06
127 Croatia 4272044 -0.41 -17670 -1783 42.8 26 1.48 56538 76 59 2506962 0.06
128 Mauritania 3984457 2.43 94577 3475 19.9 5 4.75 1025600 4 42 1687268 0.06
129 Oman 3926492 8.10 294048 103237 26.7 4 2.90 309489 13 74 2913295 0.05
130 Panama 3926017 1.60 61847 5461 28.2 11 2.51 75516 52 77 3020942 0.05
131 Bosnia_and_Herzegovina 3824746 -0.12 -4561 -1303 39.8 21 1.27 51197 75 50 1907823 0.05
132 Puerto_Rico 3683601 -0.13 -4717 -21934 36.0 19 1.65 8875 415 99 3652129 0.05
133 Kuwait 3479371 3.29 110799 65038 29.4 4 2.62 17818 195 98 3419985 0.05
134 Moldova 3461380 -0.74 -25824 -22790 36.0 18 1.46 33851 102 50 1723524 0.05
135 Uruguay 3418694 0.34 11632 -6645 34.6 19 2.06 175012 20 93 3173123 0.05
136 Albania 3185413 0.38 12142 -12466 33.2 16 1.78 28748 111 57 1800743 0.04
137 Lithuania 3008287 -0.29 -8646 -8027 39.5 21 1.49 65300 46 67 2029313 0.04
138 Armenia 2983990 0.25 7424 -12216 33.0 15 1.74 29800 100 64 1917546 0.04
139 Mongolia 2881415 1.49 42342 -3000 27.1 6 2.43 1566838 2 71 2048942 0.04
140 Jamaica 2798837 0.54 14949 -16730 28.0 12 2.30 10991 255 52 1464344 0.04
141 Namibia 2347988 1.94 44673 -1147 21.5 6 3.14 824434 3 40 941364 0.03
142 Qatar 2267916 4.58 99243 111381 31.7 2 2.08 11000 206 99 2248093 0.03
143 Macedonia 2108434 0.06 1276 -1114 37.5 18 1.44 25713 82 60 1258627 0.03
144 Lesotho 2097511 1.11 23046 -4163 20.9 6 3.13 30355 69 30 623314 0.03
145 Slovenia 2075592 0.17 3595 5071 42.7 24 1.49 20256 102 50 1034487 0.03
146 Latvia 2041111 -0.45 -9206 -3077 41.6 24 1.57 64600 32 68 1381995 0.03
147 Botswana 2038587 0.86 17443 3948 22.7 6 2.69 581789 4 64 1294811 0.03
148 Gambia 1908954 3.23 59669 -2706 17.0 4 5.78 11295 169 59 1123516 0.03
149 Guinea-Bissau 1745798 2.44 41543 -2491 19.2 5 5.02 36125 48 46 801478 0.02
150 Gabon 1711294 2.37 39583 1139 20.8 7 4.15 267682 6 87 1490109 0.02
151 Trinidad_and_Tobago 1344235 0.23 3084 -2835 33.7 14 1.80 5130 262 15 194970 0.02
152 Bahrain 1344111 0.90 11940 7408 30.1 4 2.12 694 1937 89 1194843 0.02
153 Estonia 1283771 -0.27 -3480 0 41.1 24 1.60 45100 28 70 894636 0.02
154 Swaziland 1267704 1.46 18190 -1200 20.3 5 3.44 17364 73 21 268437 0.02
155 Mauritius 1249151 0.38 4748 0 35.0 14 1.53 2040 612 42 522802 0.02
156 Cyprus 1153058 1.04 11892 7333 35.6 18 1.47 9251 125 71 819828 0.02
157 Timor-Leste 1152439 1.73 19560 -14996 16.7 5 6.03 14874 77 29 339832 0.02
158 Fiji 887027 0.68 5962 -5745 27.3 9 2.63 18274 49 53 473778 0.01
159 Djibouti 886313 1.53 13381 -3344 23.1 6 3.50 23200 38 77 685322 0.01
160 Réunion 885328 1.14 9953 0 31.0 13 2.27 2510 353 95 839673 0.01
161 Guyana 803677 0.51 4064 -6554 22.8 6 2.59 214944 4 29 230386 0.01
162 Equatorial_Guinea 778061 2.78 21047 4000 20.8 5 4.98 28051 28 40 311506 0.01
163 Bhutan 765552 1.54 11605 2219 26.2 7 2.32 47001 16 38 289801 0.01
164 Comoros 752438 2.38 17521 -2000 19.1 5 4.81 1861 404 28 213419 0.01
165 Montenegro 621542 0.03 159 -529 37.3 19 1.68 13812 45 64 396949 0.01
166 Western_Sahara 585646 3.23 18331 9500 28.7 5 2.42 265961 2 83 483918 0.01
167 Macau 575481 1.61 9106 7699 37.7 14 1.04 26 22134 100 575481 0.01
168 Solomon_Islands 572865 2.07 11634 -2375 19.8 5 4.12 28896 20 22 124919 0.01
169 Suriname 543925 0.86 4649 -1000 28.8 10 2.31 163833 3 71 385695 0.01
170 Luxembourg 536761 1.20 6381 5661 39.1 20 1.66 2586 208 86 462121 0.01
171 Cape_Verde 503637 0.95 4740 -3880 24.7 8 2.38 4033 125 65 326346 0.01
172 Guadeloupe 468016 0.48 2216 -700 38.0 19 2.09 1705 274 98 460686 0.01
173 Malta 430146 0.27 1142 978 41.1 24 1.36 316 1361 95 409840 0.01
174 Brunei 423205 1.30 5421 404 30.8 8 2.03 5765 73 77 326071 0.01
175 Martinique 404705 0.25 1023 -489 42.2 23 1.85 1102 367 89 360132 0.01
176 Bahamas 382571 1.38 5197 2094 32.1 12 1.89 13878 28 85 324536 0.01
177 Maldives 351572 1.90 6549 -11 25.5 7 2.31 298 1180 44 156144 0.00
178 Belize 339758 2.37 7858 1485 23.3 6 2.75 22966 15 44 150224 0.00
179 Iceland 333135 1.09 3600 1175 35.7 18 2.09 103010 3 94 313295 0.00
180 Barbados 286066 0.50 1422 400 37.1 17 1.84 430 665 46 131361 0.00
181 French_Polynesia 279835 1.09 3004 -147 31.2 11 2.09 4000 70 51 144057 0.00
182 New_Caledonia 259824 1.30 3328 1068 33.0 14 2.16 18575 14 61 159332 0.00
183 Vanuatu 258301 2.19 5538 0 21.9 6 3.45 12189 21 26 66730 0.00
184 French_Guiana 255455 2.50 6228 1200 25.1 8 3.12 90012 3 77 196519 0.00
185 Mayotte 228070 2.66 5918 0 18.0 4 3.92 374 610 50 114556 0.00
186 Sao_Tome_and_Principe 197882 2.53 4889 -300 19.3 5 4.17 964 205 65 127876 0.00
187 Samoa 191831 0.77 1459 -2637 21.1 8 4.22 2831 68 19 37025 0.00
188 Saint_Lucia 183598 0.73 1325 19 30.9 12 1.95 539 341 16 28564 0.00
189 Guam 167546 1.47 2422 0 29.9 13 2.44 549 305 93 156328 0.00
190 Channel_Islands 162778 0.47 760 761 42.3 23 1.45 195 835 32 51493 0.00
191 Curaçao 161836 1.94 3076 0 41.1 21 1.93 444 364 93 151000 0.00
192 Saint_Vincent_and_the_Grenadines 109371 0.00 -2 -1005 29.4 11 2.03 388 282 50 55201 0.00
193 United_States_Virgin_Islands 106792 0.15 165 -803 40.5 23 2.48 347 308 96 102371 0.00
194 Grenada 106303 0.38 406 -855 26.7 10 2.21 344 309 40 42699 0.00
195 Tonga 105782 0.44 459 -1620 21.3 8 3.84 650 163 24 25134 0.00
196 Kiribati 103942 1.55 1591 -200 23.8 7 3.01 726 143 44 46072 0.00
197 Micronesia 103903 0.34 354 -1772 21.3 7 3.38 702 148 23 23804 0.00
198 Aruba 103431 0.51 520 -203 39.9 18 1.69 180 575 47 48772 0.00
199 Seychelles 93306 0.50 468 -290 32.9 11 2.21 455 205 55 51117 0.00
200 Antigua_and_Barbuda 90903 1.02 918 -12 30.7 11 2.11 442 206 30 27137 0.00
